         ,ad8888ba,    888b      88  8b        d8
        d8"'    `"8b   8888b     88   Y8,    ,8P
       d8'        `8b  88 `8b    88    `8b  d8'
       88          88  88  `8b   88      Y88P
       88          88  88   `8b  88      d88b
       Y8,    "88,,8P  88    `8b 88    ,8P  Y8,
        Y8a.    Y88P   88     `8888   d8'    `8b
         `"Y8888Y"Y8a  88      `888  8P        Y8

                            EVERYWHERE (non-commercial)

88888 8   8 88888 8888  8   8 8   8 8   8 88888 8888  88888
8     8   8 8     8   8  8 8  8   8 8   8 8     8   8 8
8888  8   8 8888  8888    8   8 8 8 88888 8888  8888  8888
8      8 8  8     8  8    8   8 8 8 8   8 8     8  8  8
88888   8   88888 8   8   8    8 8  8   8 88888 8   8 88888

